01192432415167728193107
021112231415161728191107
04122132415168778194102
02142236415166738193103
01152431415166768193105
021522374151778192101
041722324151778193105
08112333415166768194105
07132236415166778192103
07192432415164768194104
05182233415164768195104
010132233415163718197102
02142237415165728196102
04162234415165718195101
010182234415166768196101
04192432415166748193105
011922314151658193104
011182333415162748196107
0111112236415168728192104
07192331415163728196101
041112234415166718197101
021423374151628192103
0101112133415165718192104
09152234415168728191107
06172435415163768191105
01011022334151688193105
09112335415166728194102
011102434415163768195101
041923314151778196104
08182431415168718192105
06182435415168718194106
0111423324151638193104
04192334415163738197101
07132335415167728195103
0911024324151678196106
07162236415164728196105
0311023334151628191106
03182331415165768195102
05112231415162738195105
041112236415161768195101
01182233415168758193105
05142434415166718193105
010112137415163748195104
04182231415167748196107
03152131415165768197107
07112333415163738196106
081123364151748191101
091102434415167778197107
011723364151768196103
09152432415165738193105
09152133415166718191102
011623334151668194101
07162336415167738192103
07182433415165718193102
07162137415165768197
05182131415168778197106
0911121374151618191101
06112333415164748193106
07122333415161748194103
09122236415163758191102
041724344151628197106
07182234415164758193107
010122336415161728196106
021102437415166728193107
01142432415163728197102
071424334151718196104
071424344151758195106
07172333415161748193106
01011122324151658194106
09172132415166768191105
011122431415162768197
03112335415166718192104
07142231415167748192103
0101102133415163758191101
011324334151618197104
0111324314151658195102
081624364151678192103
031112133415163778192103
0811022314151738195107
071102434415167778194101
071102332415165748196107
081102134415161768196102
06172231415161748194105
02122436415166718193106
01162135415168748192107
02192331415164758193
08122232415167748197101
061424364151618192101
06112436415165738192107
06192437415163768194101
01112234415163748196102
05152333415166748192106
010142134415163718193
051102133415168718194
091112133415165718193101
0111924344151618191106
05162433415167748193
07162436415166778192106
0101123314151728195107
051824354151618191104
081102335415165778191105
071622374151638192107
011172437415167718193101
01192133415167758196
02162235415167728195107
01192435415163738191106
08172232415161738196101
07182337415162738196105
01111023374151728194
011102433415167758194107
02132131415166718194103
021724344151728196101
08142334415166778195103
08172337415165748191102
06122233415165738192102
02182237415167738196107
061112331415161768196
011192131415162768191101
061921354151718191103
03152134415163768193102
041523334151648196106
011112434415162728195107
0311124334151628193107
04112433415163748191106
021112434415168778196
0111524314151658196
02172231415167768196105
08192332415164758193101
08172135415168748194101
021324344151728196102
06152437415167758194101
09192232415166738191105
061223314151648193105
05112334415165718191101
07112435415166758194
08132432415166748193102
011162131415164748191103
011112131415167738196103
09112334415162728191103
08112233415167748193105
071223324151718195107
02112337415164768196104
061112336415161748197101
071922334151628193106
081102432415166748197105
07122336415166758194101
021322344151758191101
09172231415166768195106
06172236415161768196105
04162131415164718191105
041921334151658195107
051122314151748193106
07182135415163778195104
010122335415163778196102
07172134415164738196103
011322354151738194101
07122434415161748194104
041124334151778191106
02112335415161728191106
041322374151738196104
0111102334415166728195101
09112332415168768195101
091821374151688193
08122337415162748192103
0715223141518196
010122233415165758191104
07162235415164718195101
011112234415164748194
08132233415161718195104
091102233415162748196
06162133415165758192103
02152236415164718197
031522344151728195103
04122233415163768192102
051521354151618197105
021102332415163778194101
05132337415161738194107
01111122364151658191
04162131415163778192105
06142236415165778196
02172136415165768196101
061622354151758193102
01172434415167728193
08142133415162738197104
051723374151648195101
01152332415167748194105
06122333415162758192105
011132433415165768196103
0511124374151758192107
05162436415168778192104
09182432415162758194104
06152134415168718192107
091102435415167738193102
02172232415161758192105
01162335415166758191102
05162134415162768193105
07192437415164718197
04162332415163718192101
0111124314151718191104
021112132415168728192106
0111112434415167758197105
0111102434415161758194104
011102131415167768194104
011192337415166768191106
021112333415168718191102
07192334415167748195105
041923344151678195
011112331415163768192105
01111233141518197106
061102233415162718191101
0101423344151688191105
010122437415167768194101
010192333415164768195106
08142235415161768191102
0511021374151668191101
011924364151658192105
01192232415166758193101
0101112236415161758191107
01112335415168768193107
06112331415168738196
08172436415161768194105
011111243741518193105
08152131415163748193102
09112331415161728191105
08142335415163768197106
07142233415165768191107
031112331415164738194
02152336415168718197
04142337415166748193
010192137415165748197103
041821374151738194
02152334415161778193106
07172234415167748195105
03192435415168728197101
05192231415161758191105
02182333415168728192106
02192333415162758196105
0711022334151628197102
010112335415162738196105
081221364151768196102
06122332415166718193105
071623314151648194104
03182335415161718193101
0911022364151758197
02122335415163768195104
011172136415166728195107
0111102433415161718193104
03192331415161738197
05172437415161748191
0101524324151738195104
01152333415167728197106
021322334151728196107
0711121314151748196101
09172133415161748193102
011182334415166718191104
04112434415163778196103
071102435415161728197
03162231415167718192107
051222334151768195107
02142337415166728195102
091102136415163768192103
06132334415163768191
05172135415163728192103
05132437415168748193105
04182135415162768192101
04112232415162728192
0111021354151688194101
061421314151758196106
031821324151768191103
071321334151778194107
02132336415167728194101
0111824354151658196103
0611121314151738196
04112134415164738193
091124344151658195101
031224354151678194102
051102233415163778192104
0101924324151658197106
010162436415167778191105
061102433415161778193102
091122314151758191102
081522374151668194103
0811122364151628196106
0101822364151758194106
011192335415168758191103
04192337415163718194107
08152232415164778192
04112233415161758194106
010172336415161768195102
01192134415168778194102
01011022354151718195
081102235415165778197106
03152133415162718197101
0111423364151738192107
09142336415168738192106
041102436415167778195102
061102137415167728192105
051324334151618192
0101421314151658193
04172135415164738196103
02112435415161768194102
011142233415167768196101
041112231415166718197101
011182331415162718191101
0101102336415161758195105
051112137415162728195102
05112236415164718193103
021124354151718196
0101102432415168748197107
05182134415164778193
06132232415168758193101
01142332415166728195106
01162337415162738193106
0111322374151668192103
081123354151618194107
011182134415168768196107
011321334151748193107
010182434415161748193104
051721374151668193103
05132337415162738193106
031102237415166738196107
06112437415168748194101
031223314151728193102
041112137415165718191
031102136415164768191
01152136415161778194103
071823314151748194104
04172134415163758192102
07152231415163738192107
010162133415168758192103
06122333415163718194107
07112131415166748191
011142237415162778196107
051102237415163748192
07142431415165748194105
07122434415166728197106
03112337415161718195101
010142433415167768191
05182233415164768192104
04122333415163778195101
02112231415162738195101
0101121344151768196
011112234415161778193
01162435415166778195104
021524344151678197102
02132234415165738193106
09122137415166728196104
011621324151778194
07142131415168718197107
06182434415165748193101
0101112337415162728194107
09162137415168728191102
04112132415166728195
04152335415165718196104
011152436415164768195104
010172333415165778194102
09142132415166768197105
07142132415164748194107
031112337415164748195106
011152435415166768195
01122336415162748193103
05122335415162768191
010192237415168758193105
011112235415167718192107
01162237415163778191104
0111122324151668196105
091622354151718193101
010172136415164758195106
08152336415162748194106
091622344151658197101
06142234415163748191106
07122233415168768197106
06162332415167748197101
08192233415167758195104
08192337415166778197107
011121374151688195107
0111621374151738195107
04172433415166738197107
071102433415161738193101
06142437415164758194102
031823344151768196103
03142434415161778195106
061124334151758195104
051102336415168768195103
091102434415162718195
08172136415161778197102
08122437415166728197102
061112236415167778192101
021112133415164778195106
05162132415167718195
0101824354151688196
061112332415166778194101
01142435415165718192101
04122334415167768197102
021112133415165718194101
0411023334151728195103
071724354151718191106
01182133415162778191103
0211122314151778195104
071102435415165778192104
041422344151618191102
011182231415163758192101
011102133415164718197105
021321344151668196106
021623344151618196104
01132234415162728195
081102333415168718196101
011182337415162728195102
010182232415166768191104
081521344151738197103
02162336415168748194102
010152332415161768196
061522314151688193105
02192431415164738191104
011152431415168728196104
02182137415163738191103
04182333415161778195106
0111521324151648197104
09132135415165778195103
0111524314151618194102
05112133415164728197104
061102235415163738196105
010132336415162758196103
04182234415166768196103
06132434415164748192105
010112433415165778193104
05132136415161768195
011172132415163738195102
010162232415162758195105
07182236415167738195106
04162437415165778195106
010172136415166778197105
011142333415163738195
031923364151628196
08142134415165758196101
04112434415161758192106
02172435415166768194102
08122437415162758192101
02122331415166758196103
061112337415163768191102
01172433415164768191103
05122236415163758195103
06122433415163738193104
010122333415165778194102
011112435415162778193
091722374151768194105
091524354151658195101
05142234415164778191
04122133415166758194106
081112232415166778191
09112434415162778191
071324354151768194102
051821374151758197101
03142134415164718195101
02132237415166738193102
010110233541518197105
07162232415162758194102
010132235415162758192106
06152433415163748193104
02132331415164728191103
09192133415167738196103
01112135415167768192105
010182232415162728197101
061102337415161768194
081112336415167718195107
051102334415164778192107
05192137415168778191101
03142437415165768194102
0101624324151728194105
06182133415164728192107
01142131415166728195103
010182232415163748192107
03142437415163738195105
081221344151758193105
071921344151648193104
021622364151678196107
010172431415167728195104
0101102237415161748193104
03182335415166778195
05162431415161738191106
01132137415167738192104
041721314151768197105
011142333415162778195
0611022374151658193105
04142134415166748193102
08182436415166738194103
07162135415162758195107
0101622344151718193102
011524334151618191102
02162433415167738193
010172433415165738195
021422374151738197107
021423334151618197
06182236415161758197105
081723354151678194101
09162235415164728195105
031112336415164748192105
011924314151688194103
03172233415161718195105
08152432415162718193
051102133415163728192104
01132133415167718193106
091112331415168738193
01011023334151728195101
03112336415162748193105
011102337415161748196107
02142233415165738191104
05112131415167738195107
04112134415166718192102
04132334415163768191107
03192234415163748197102
07142435415165728197103
031102237415162758196
011112337415168748195
05182431415163768196104
041723314151768197102
041422334151628193102
01017213641518193105
03162131415164768193106
04152236415168768195105
01162135415161758191106
021112432415165748195106
0311021344151748197105
041112436415163748196103
03132436415168768191106
03112435415164748196106
010112436415163738194104
041102232415167728195106
010122234415167758191106
081724344151728191102
04142331415168758192103
08132135415168768194104
0811023324151778197
081623374151638195104
010162235415164718191107
04182333415163778196104
031112233415163728197103
0611123334151618191101
071123374151628197101
01112331415161748193106
07112236415165758192102
02112233415163718192105
01142337415167738191106
04142231415161738192
0111424364151738194
081102435415167738197106
04112237415164748196103
09132331415163748196103
01132137415167778196
08162231415168718196107
05142332415163758193103
06182437415161718195
03132132415162778196
07172331415167758194
04172336415165768191103
06152132415166758192102
01192135415168778194107
011192334415166738192105
0101421334151678193
08192335415163728197102
05132231415166778193102
0111321374151758192103
05152235415166758197103
011192431415164718195
010162235415166738192103
07162332415166778195107
06152334415164768197106
07152331415164738195106
010122432415162768193102
09192434415165748193103
08192133415163718197103
041921314151678194104
07122331415161768192106
05182433415162748195103
02122431415164728193107
08172431415168718193106
06132134415166738193105
0111102432415163778192
011182234415164758195104
03122131415168758196101
031922334151668197104
0111112235415161738191106
010132131415165738191102
06162135415163738196105
03152432415167758194103
06152131415166758192102
0101112434415167748191105
081112133415166748193106
021102434415163728191107
011182332415166778192107
04132433415166768195102
0111121364151768191103
01142435415165778191103
02122431415165718197106
07182437415167748194107
03192332415164758195106
05182233415168778193101
061221374151728191107
041102134415163778191104
021112232415165718192102
06192236415167768194106
08192431415164768195104
08112134415162728194105
081823354151718194101
041321334151618196105
0511121374151778195106
051223324151648196106
011112133415163768191104
081112233415167728195107
0101112235415166758191103
061102133415165718197106
05112232415162778191101
091223324151778192105
071122314151768191102
08162132415166718196103
04112336415161728193104
07182132415166758197107
011162236415163718191102
091112436415164738193107
0211022314151758194
031324374151628193103
021112336415165758196
03122436415167738197102
08142435415163728192104
021112237415167718194103
08162132415168718192104
07132433415164778192
04122234415166738195105
021112337415163768196104
07162434415166778194104
031102431415165718192104
06112337415168728197101
061423344151658195101
071621344151658193104
010112235415164738196
02172231415166758197104
02142231415164778191101
0101112137415164738191105
09122332415167738195105
01192237415162728192104
031102237415164748193
01142136415168718192
08112331415168778194107
0211123354151658192105
061422314151768191105
08112231415168728194101
09182431415164748191101
0311023364151728196102
04132337415166758192105
05192234415166778191102
0716213341518197104
07162133415166778197101
01162237415161738196107
051112135415161748192106
031622374151678191106
010132337415167758191105
05172132415164748191
09112134415164748196107
06112137415168768194103
0817243741518197101
0101322374151618197103
011142437415165758194105
07112234415164758193102
06162132415163748196103
041112335415162758197104
08182132415167748196107
05112131415165758191107
08162335415164728194105
08172132415162748191101
011102237415167778197103
051121354151728194105
04112334415167738193101
09152334415167778195104
09162135415166748192103
02122337415167758194104
0917233641518191101
051824344151648195
04142332415168738192102
031223354151668194105
061222314151688194107
011132134415165748194105
041522314151638193103
031922314151618197105
010122136415163748195101
08142431415165758194106
02142432415166738193104
06152231415165728191105
03162137415164718197106
08172136415162728195
02132336415164728193107
03142233415161758192105
041112435415164768196107
0411023364151648192101
08142133415161758191101
021723354151678196
010122335415163748192107
03112334415167738192
011162232415163718194
07172335415164748192101
06112234415163728197
011152331415161768193102
01011121314151638195103
02192436415166738196105
03172336415166728192106
011112136415164718193106
02112136415163748197107
061102232415161768192102
06112136415165758191103
09132234415168768197107
041823314151758197105
041102433415166718193102
01152431415168748194105
011102331415165718194107
03162437415167758191
010182434415162758197
0101112331415163758195106
010182332415166738194107
051624364151718191103
02182133415166748197102
04132232415164768192105
011112237415168768195102
02122231415167718192
011142433415166758191104
07142433415168778196101
09132135415163738191102
05162433415164768197103
091102435415168748196
0511123334151688196107
04172333415162748193103
08182337415164718191105
01111124314151768195
051521334151748194106
01182231415167758193105
08192232415168748191106
061102332415164738193107
04112436415167738196
03162234415162768196106
011172133415164718191102
02142333415167738193101
04112432415166718191107
081112133415165728195
041102437415161758191102
011182231415166768193102
08172234415161718197106
02122335415167758195103
01132235415162768194101
06112432415164738196106
02152231415164728193
071821364151738196102
011152136415163718194106
081112333415166738192
011322344151628196102
02182331415168768192103
03192131415162768195
01152134415164738193103
09172436415166738194104
0101102333415162748195102
061922324151688197107
011172131415162758193105
02182133415161738195102
010172231415168768193106
08192334415165718191105
0101121374151768192105
01122334415162748193104
071721314151668193107
03172333415166778195107
06162236415165748197104
05122231415166728197
011112436415167728192
09142137415161728195103
041102231415164718196107
010112331415168768192106
05142337415165738192102
061112134415163758197
011192235415165768193106
03192433415168718194107
0111123334151778192104
02152237415162768191
041102434415165728197102
010162237415168738197103
01142434415168748197104
041102231415164728192106
02111243241518194104
04152132415164718194107
031221344151668191
061102431415161758192102
011324374151768197105
0611023364151668192102
011132434415163728197107
07132234415168728192104
07112436415168758193101
02142335415167778194107
05122136415165718196102
09172431415168768194106
010142131415161718196101
011142337415168778197
0111112331415161728191103
031821354151758191103
02132333415165778193
01132236415167718195101
010192431415163758196
011152236415162728193106
041524334151778193107
051724354151778194102
02112431415166758196104
01162232415163768191101
0101622344151748196106
011182237415162758197
05182234415162778192
061421374151638191102
02182134415164768195
02192236415164768196105
091922374151728193104
0411024344151648194101
02152332415164768191103
06132435415161718191107
071521324151728192106
010172433415165718196102
05142435415168758194102
04172433415167728193102
011142132415168778191101
07192135415163778195106
0111322334151668194105
031112436415168728197106
03122336415168718191103
03122132415167718195
05132432415162738192107
081112135415161738193106
07192135415168778197104
07182331415161758192103
091923324151668194101
04182237415165728195104
02112135415163718194106
03172134415168758193102
0211024374151748194102
010152437415165758192104
081102232415162748192106
071112236415166758191
091522334151748197101
05122434415163738192104
011132332415161718192107
02132336415164748191101
0911023334151728196
0101322324151758191
0101224324151668194103
08182435415165768192102
08132432415163738192101
010132332415163738191101
09122235415167758196104
061523334151758195101
071722344151758193106
03182131415167758194106
011924354151748196107
04162137415167728193101
03192432415161718192105
021121334151748197101
09132331415167728192101
06112234415164748194107
07142134415168778196102
041222334151678191105
031124314151618192105
031102233415165748192106
07152134415166758194
01152433415162718196
01182231415166728193104
051112435415162738191106
081102136415164768195104
08152231415165758192102
011172135415167748196104
071422374151638191107
08142337415161748192103
031102131415167728197105
09182335415163738196104
051112437415167758196105
091102436415167728197103
04132135415165738192
08192234415166748195106
010132337415163768197
08162137415161738194105
04162234415168728196107
01011124354151728194103
0101923324151638191102
09142332415168748194105
011162232415165718196103
02142432415162738191105
06122131415165728191106
02132137415166728194103
071112433415165728197106
03172133415164738196104
0111421324151778195101
061112436415163718191107
011182131415167748193105
03192335415166728192103
09172232415162738193107
0111623344151778192101
081112435415164718197106
04152235415166728192101
02122434415164728196103
010162137415165768197104
061102237415166728195101
06182233415163738192101
011112234415164748194101
09122235415166738195101
02182336415162738197104
03162336415165768191101
010182331415165718191104
09192132415161778192105
071112231415164748192102
031224364151738192
08142233415168778193106
06132432415162728194107
0211123334151688195107
04172336415162778196105
061102337415165768193105
08152132415167748193105
06192337415166718194104
04132332415163778192107
01152331415162718194101
07192232415168758191102
031112431415162758191102
03132333415166768196104
010172232415167778196107
08192337415168728191
07172336415167748194106
081102433415167718192105
011192133415166768193102
06122131415165728193103
011112333415167778194101
061421344151658194105
07132333415166748197104
02192231415166738196106
0711123314151658191106
09172231415164728193101
031112436415168718196104
07152337415167718192107
0911021334151728195
09182336415162748197101
010132334415167718194106
02162336415168768193106
02162331415164768196104
051323374151748192
04152235415164748193107
041112332415162738197104
051102433415168718193105
08172236415161748191104
01152431415165758194106
08112237415167768197104
011824334151718191102
01111021334151628193105
081921324151738197
071422374151748195103
07172134415161758193101
021423334151768196103
09152133415162718194104
061424314151768196107
09152332415167718195107
06192131415165768195105
09192237415162748193107
06112133415163748193104
02192335415164738197103
031102131415165728194106
041112134415168718195105
01142134415163758193103
05112331415165718196105
02182334415161758191105
0111923344151728195105
021921314151618196105
09192431415161718194102
010132131415162718196107
081112334415165738197106
08192235415163738197104
07192236415167768192107
04172231415168738194104
081521314151658195107
07152137415162728197104
031523354151688195104
03122234415161778196107
03162431415163768192105
02112235415168778195102
010142234415162758191105
021112131415165738194101
06112435415161728197104
010162335415165748192106
07152137415168778197103
021102335415168758194
09192136415162718194105
07152233415167778193102
09122131415162748191107
0511122364151678191104
011182332415161728192106
081821344151738191104
01142333415167768194
06142137415168768195102
01122136415168748195101
091102334415162758192104
011192437415167728196104
01111223541518195102
071102335415162768194
01122233415161768195103
08112332415168728194101
08172437415167728191102
04192433415163728191105
051112134415168768192
010142133415163758192104
031112435415164738194104
09122235415168748191101
010162431415165758193106
0111112335415164768192104
08182133415166748192105
09122134415165758192103
09182236415162718191107
0101621354151678196106
081324364151758194101
07152334415165738195104
071621334151728193101
041102133415164778194106
021102231415168718192102
010142331415165768196106
010132432415168748191102
01011121354151688197104
091623324151758191105
031921374151638195106
07132436415164778194102
07172134415168758194
06182334415167748196106
0101424374151628194103
08132232415167718193103
05172332415165768195102
06152131415164768193103
07112434415162758196103
06172336415161718195105
09182335415166728195105
07142437415164728197105
071102436415161718197107
031523314151778192102
011721314151658197106
061421354151758191107
011152434415162748197104
06132331415162778194106
07152436415165748195
071112436415163758194103
04182137415162728191104
01162136415165748197101
08172237415168728193106
0111122324151668194104
08192235415166748197104
01152335415161778193106
02162136415168758193104
0111623324151718194105
091823344151618191105
08192434415167778193102
021102231415168738194103
0101824364151668195105
07192134415166738196
08172233415161728197107
0111124364151738191105
09132436415163758193101
01162432415167768196104
05122136415166768191106
021321354151738194105
051724324151718196103
011924374151768195107
09142232415167718195107
05132233415163728194105
091921354151638191101
06142433415165748191104
03152433415161748194106
03162236415161728192105
05182331415164768195104
071721374151748197106
0111824314151648196107
011152332415166718192106
01192133415161768193106
02162333415162738195106
01182435415164718194105
041102337415161758195102
02162435415164728194
02162236415162738196
05122233415164728191107
021102336415165718193102
011621324151668197
03122332415164748194
061623334151658194105
061223324151738193102
04172331415161718193107
0111102435415161778196103
09132336415168768192105
0811124314151728193102
01112435415162758194101
041621314151648197103
08122234415167748197101
02132235415161768192107
05122134415167778191105
06122235415165738192103
08162335415168778197
010152334415164778196101
011102335415165728195101
091112434415165718195102
011102437415167738192105
01162337415161738195104
0111102234415168778191105
08112437415165728197104
03152433415164718192
05142431415161738193106
09122337415164768192104
041112237415168778194105
0111102436415161728194107
05192437415162718193106
07142232415164738196101
041102336415163768197105
010192136415163778191
041112134415167728191101
011162333415167738194106
04172137415162718195105
03182131415167768197106
0811022374151758196102
041122364151678196102
03142336415167768193105
01172436415167738192105
01192134415161768191101
07142436415162718192103
02182332415162728191101
09112133415163758195106
0211223341518197106
071112437415161748191107
05162332415166728194106
0111102236415161758195103
071112231415168718194105
02182431415166738194106
01192235415166778191101
06142235415164728194105
071112336415168718196105
02112334415162718194104
021112132415163738191104
01132136415163728197102
091102436415165778196101
071121334151688193
0111102434415166758197102
05172434415168778192106
01122233415164718195102
081102232415165768194104
021421334151778194102
05172333415167758194104
0716223441518195
02182235415167758191101
011112437415167718193107
0111023324151618196106
041102434415162728194
06112331415163728191106
0711123324151768192102
03112234415162738195103
091823344151718196106
071112131415168728191106
08142135415163748197105
0111521374151648197
031922354151738195106
05162237415167748194107
03122131415165748192
05172433415166718194101
09152332415161748197106
01192337415168748193105
02152237415163738197107
09182132415164758195103
08192137415161738197107
09172337415168758191101
091522324151668191
091102332415165718195101
05112236415161738191106
06112336415167728193101
011112336415168768191101
011142334415162768191101
04122432415163748194105
04112434415164768196105
09182335415167718191
051102333415163758196
07162131415163768192103
08122431415161778191104
03172433415161768192107
08182332415161778196102
011822354151658196105
07132133415162758192102
03152132415166718193102
010122331415162728194105
02142331415161758192102
03172133415163738196101
011152134415163718193102
011112131415166768192101
09172133415167768194103
041521324151628196102
01017213341518197102
06172435415166748197106
04132232415165748197105
01152336415165758194106
02122433415167758191101
010132232415162768196106
031222314151778197101
061112137415164748192102
02122334415164758197
07172337415165748191106
0101112132415168768193105
041102435415164738196105
031102134415165728193107
09192334415161768197105
0814233141518191101
0511023344151658193103
04112432415168718191
08112435415163748193107
011132234415161758197105
01111123324151648197103
07172332415164778193102
08182234415165768192102
091423334151748195103
0811122364151688194107
011112134415168738194105
02142132415166718192106
0811123314151728193106
0111221334151718193107
08152432415161748196106
01132133415168738195103
04172231415164728192105
0311024314151628197105
08192331415166778192101
08172333415161758195105
0111321364151778192106
091523334151648192102
04192335415166768193
010132336415165728191105
09182437415165758194
02122435415163718192103
08112332415161728193104
011142235415161748191104
0101112134415163748194102
03192134415163758193
07192435415168738191103
0711022344151668197107
011112432415163758193102
08192232415166718194
081102136415162758194107
081112436415163738192101
011142337415162718193105
07182133415162768192102
031522314151758197107
011132134415163728196
03182237415162748196102
03142437415165758197104
031324324151648192106
03152232415162778192105
010172232415168778191104
09132337415168768194103
05142333415167758193103
0101924324151738197107
011192335415162758196107
0111102332415167738197
08172135415161758191104
041622324151758193104
011112432415164718197101
061622334151638197105
01182335415168768192103
0811024324151728195107
09142235415168718191106
091624334151768191106
05152137415164728191105
011192232415161758196103
07122437415166768197
061124354151638192107
09122237415164768195102
07132336415163758196
041102136415168768193107
04182134415164758196101
01192434415164718195103
01142231415162718195101
05132337415162748194106
08182237415166718194105
041924364151648192101
09152232415163738194101
031112236415165738197107
051112331415163768193
07162233415162778195101
06152137415161748194107
06142433415167768191104
011224344151688197105
07122231415166748192103
041112135415161778191106
0611021354151738196107
03162336415161718196101
051102233415161778191105
081112434415168768193107
010182436415161768192102
071523314151648194103
04172134415161768195105
05192136415161728191
041923344151768196105
05112233415164778194107
07182133415164768191103
071624364151638197106
01142233415164738192103
09132235415163738197106
041622354151768191102
06192135415163758195104
031622344151718195106
07152132415161758192107
031102231415161758191106
07122333415165738193107
05122332415166758191106
010152236415168768195102
08192331415163728191104
07182435415162728195105
011122437415165758195101
031112136415166768193107
01122137415163778193104
07152136415162738196105
08162237415165758197103
02192136415167728191101
01111121344151728193104
07182337415167758195
0911021344151668193107
0311021334151768191107
071824354151658195106
021922334151668196105
011162236415161728194
03122231415167778193107
011172234415163778195104
04122437415164778192104
07152235415161768195103
011623374151748193106
031724344151718193
08182436415166758195107
08132333415168758195101
081424364151728194104
0101112336415168778191104
01162332415164758193101
061112332415168748191107
05152135415165758193105
011192134415164768196103
011222344151648193103
0111112331415165718195104
08132333415167728196104
031924314151718193101
051121324151648191107
09172233415163718194101
0101112437415167778196
010112336415162718196106
07112333415161748193101
0812243141518195106
0101102134415166748196105
051112435415161758194
09122136415165728197103
0101112237415162738195102
011112133415165718191107
04182237415164758191101
06192237415162748197103
010132235415166758191105
021822334151718192106
02162131415166738191104
061123364151688196
031423374151638191105
0111021324151618193101
08192335415163738196103
08172132415163728195103
04112335415165718196103
061112431415165758192103
010162132415163778195107
031921344151668193107
091102233415163738195105
08192334415161718192104
09132436415166758196102
081112136415162778194103
071112236415163768191105
04132333415165748196105
010112335415167778197103
011112231415167728195103
051112435415161758191101
09182232415164738191104
06152231415164728196
08172432415162768192104
081102231415168758195104
011922334151758197106
04152332415165718196107
02122132415163778197
05132136415162768197101
09142236415166748191104
09172137415164768192102
091222314151758191101
09182333415164718196107
04182435415168738195106
011132334415161728192104
09192234415167778194107
010162135415162748194101
011152437415167738195101
081102434415167778191101
05162134415168728197102
09162433415166718197107
05162433415166718193103
01132437415164768191103
07132335415168778192102
0111112334415161778191105
08192435415166718192107
07132235415162778194
07132237415163738191105
051924324151618192103
03122137415165728193102
031423364151738194106
01011022324151758194106
06142231415163748194
021102231415162778191106
0318233541518191103
05162332415164728192103
05142136415163778196
021121314151638196107
0511022314151618193
0111102432415167758193103
010112233415166718193102
0911124354151748194104
09152433415161718197107
07112434415161778196106
09172236415167768196101
041324364151748195106
05142231415162738195104
011112131415163718197103
021112237415161748197101
011112434415167728192105
09142334415165768197104
04182336415163718193104
02192133415168738196103
010162333415168758196101
07132132415165748195101
031102432415166718196103
071112132415161738192105
03152332415165758192104
021121314151678191105
04162232415166778197102
08122437415168768196103
0811021324151688192105
061923374151748192105
0714213541518192102
02182132415164748197
01192433415165758193105
0111622334151638192107
04112137415167758192101
010162231415166718191107
06162431415167778193
07182132415166738196106
04182136415163768197107
031112136415167778192104
03152435415162738194105
091102433415163718195102
081223334151718195107
03122135415164768196102
0411123354151628192105
02172136415167728191105
01142336415163718191107
01142434415165758192104
09122232415162718193
02142434415167748196105
01172133415166778192101
071112433415164758195103
08142436415166778196101
051824334151748196105
081323324151638191
01192235415167748193106
09152335415167748191106
081112333415162718191103
0111102134415166758193101
04132432415165758196107
071322334151738193106
09162237415162778193106
081112132415164738194104
081524364151768194101
09122331415165748193107
04132336415161748196102
091622334151648197
01132235415168718196107
061523314151678197
02172336415168748196
09112231415167728194107
01122336415163748192105
02192337415168718192102
08122133415162758195
010112432415168758192104
091112431415164778191103
08172137415168778194106
011142334415164778195103
081102232415161758197105
01132331415163778193103
010112134415167718197106
031824344151748191
031102334415168748195105
03172334415167718195101
01152434415166718195106
021822334151668195
01162236415165748193105
06172131415167758193102
031524374151678193103
031102334415167738191102
06112435415164718192106
05132435415167718195103
010142337415166778191102
010142235415167738195101
0111112434415162758195102
061823364151728196106
0101102233415161728196107
07192436415164758191107
03152335415163778196105
04192137415166738195104
06172235415163768194102
021922324151678196107
0111021354151658194101
05132336415164758192101
011142332415164768191102
071421344151738192104
03112133415164748194104
0101721344151748197
03122233415165758194103
091221374151758193103
011142233415161738192105
071824364151738193104
0111112334415162728194106
011182237415162778194102
03172437415168778195106
081123324151768194102
08122235415165728191101
02182233415165748196105
011192131415161778192106
01142235415161748195
05192431415168748194
0715233341518196105
01152434415164748194105
08162333415164768194105
04152131415163718195
071112233415161758193105
07142437415168728191102
0111112234415162768193103
06132135415163748193105
051622334151658194106
01122232415168748196103
041112237415166728194
02112136415166768194104
02162434415166778194104
05112433415161778192104
0101102234415168778194102
0111223354151748195107
08112133415168728194104
05132336415168778197106
010112237415164768197101
04122134415164738191106
0111124314151738194107
0111221334151758194104
010132237415161748195105
011112135415167738195104
07152334415162758196102
010122136415161778191101
031112335415167758197106
01152234415166758192103
09152436415167768195106
09132436415168718194104
011122234415165768193102
061102135415161758196103
01112231415161778192107
07182332415165728197102
011524374151648194102
02112234415163718195104
011522364151648194105
010152234415167718193102
01011024334151768194107
06122136415161778194102
07152232415168748196106
09172137415165728197104
08152231415167738191103
06122134415166728191
011142432415165728194103
0101112334415166738193104
011152333415161758191106
05162436415167758191102
06162431415168718197101
01152431415165728193105
010192232415165748196102
03192136415162728195
01192433415161738192101
011142235415163718195101
010182332415161748191103
0918233141518191
06172232415164748196103
031621344151778192107
07172333415166718197103
07192435415161738194101
011142337415165728196107
071824374151658192107
031722374151678193101
07152332415165738194106
02182232415164768191107
0511123334151648193106
031421364151778191102
08162233415162738197
06112432415168748195105
01132137415164768194103
041102334415167758196
04182337415161778195101
03112434415164758192102
011132331415166718192106
09152337415167768192103
